0.000000000000000000e+00
3.340013360053440479e-04
5.678022712090848544e-03
6.680026720106880742e-03
7.682030728122912072e-03
9.018036072144288914e-03
1.102204408817635331e-02
1.169004676018704086e-02
1.235804943219772842e-02
1.302605210420841597e-02
1.603206412825651170e-02
1.670006680026720272e-02
1.703406813627254476e-02
1.770207080828323232e-02
2.104208416833667356e-02
2.171008684034736111e-02
2.204408817635270662e-02
2.338009352037408173e-02
2.471609886439545684e-02
2.538410153640614439e-02
2.905811623246493114e-02
2.972611890447561869e-02
3.006012024048096073e-02
3.072812291249164829e-02
3.239812959251837238e-02
3.306613226452905646e-02
3.473613894455578055e-02
3.573814295257181362e-02
3.640614562458249770e-02
3.740814963259853076e-02
3.841015364061456383e-02
3.907815631262524791e-02
4.074816299265197200e-02
4.175016700066800507e-02
4.308617234468938018e-02
4.375417501670006426e-02
4.442217768871075528e-02
4.509018036072144631e-02
4.609218436873747243e-02
4.642618570474282141e-02
4.709418837675350550e-02
4.843019372077488061e-02
4.909819639278557163e-02
4.976619906479626265e-02
5.010020040080160469e-02
5.076820307281228878e-02
5.143620574482297980e-02
5.210420841683366389e-02
5.243820975283901287e-02
5.377421509686038797e-02
5.410821643286573002e-02
5.544422177688710512e-02
5.577822311289245411e-02
5.644622578490313819e-02
5.878423513694054636e-02
5.945223780895123739e-02
6.045424181696727045e-02
6.112224448897795454e-02
6.179024716098864556e-02
6.312625250501001373e-02
6.412825651302604679e-02
6.479625918503674475e-02
6.546426185704742884e-02
6.579826319305277782e-02
6.646626586506346190e-02
6.780227120908483007e-02
6.847027388109552803e-02
7.047428189712759417e-02
7.114228456913827825e-02
7.147628590514362723e-02
7.281229124916499540e-02
7.348029392117567948e-02
7.448229792919171255e-02
7.481629926519706153e-02
7.548430193720774561e-02
7.615230460921844358e-02
7.782231128924516073e-02
7.982631930527722686e-02
8.082832331329325992e-02
8.149632598530394401e-02
8.249832999331997707e-02
8.316633266533066116e-02
8.416833667334669422e-02
8.550434201736807627e-02
8.684034736138944444e-02
8.884435537742151057e-02
8.984635938543754363e-02
9.118236472945891180e-02
9.251837007348029385e-02
9.285237140948564283e-02
9.352037408149632691e-02
9.385437541750167589e-02
9.485637942551770896e-02
9.786239144956579428e-02
9.853039412157649224e-02
9.953239812959252530e-02
1.005344021376085445e-01
1.028724114896459596e-01
1.058784235136940588e-01
1.065464261857047429e-01
1.088844355377421441e-01
1.102204408817635262e-01
1.112224448897795592e-01
1.128924515698062764e-01
1.138944555778223094e-01
1.145624582498329935e-01
1.152304609218436915e-01
1.162324649298597246e-01
1.169004676018704086e-01
1.175684702738810927e-01
1.199064796259185078e-01
1.205744822979291919e-01
1.209084836339345409e-01
1.222444889779559091e-01
1.245824983299933242e-01
1.252505010020039944e-01
1.265865063460253903e-01
1.272545090180360605e-01
1.285905143620574564e-01
1.289245156980627915e-01
1.295925183700734895e-01
1.302605210420841597e-01
1.309285237140948577e-01
1.342685370741482920e-01
1.349365397461589899e-01
1.359385437541750230e-01
1.362725450901803581e-01
1.369405477621910561e-01
1.382765531062124242e-01
1.389445557782231222e-01
1.399465597862391553e-01
1.409485637942551883e-01
1.416165664662658585e-01
1.432865731462925896e-01
1.442885771543086226e-01
1.456245824983299908e-01
1.466265865063460239e-01
1.469605878423513590e-01
1.476285905143620569e-01
1.482965931863727549e-01
1.492985971943887880e-01
1.496325985303941231e-01
1.503006012024048210e-01
1.516366065464261892e-01
1.523046092184368872e-01
1.533066132264528925e-01
1.546426185704742884e-01
1.549766199064796235e-01
1.556446225784903215e-01
1.566466265865063545e-01
1.576486305945223876e-01
1.586506346025384206e-01
1.593186372745490909e-01
1.596526386105544537e-01
1.606546426185704868e-01
1.633266533066132231e-01
1.643286573146292562e-01
1.656646626586506243e-01
1.666666666666666574e-01
1.686706746826987235e-01
1.693386773547094215e-01
1.696726786907147566e-01
1.710086840347361525e-01
1.713426853707414876e-01
1.723446893787575207e-01
1.730126920507681909e-01
1.736806947227788889e-01
1.750167000668002570e-01
1.756847027388109550e-01
1.760187040748162901e-01
1.766867067468269881e-01
1.770207080828323232e-01
1.780227120908483562e-01
1.786907147628590542e-01
1.793587174348697522e-01
1.803607214428857852e-01
1.810287241148964554e-01
1.820307281229124885e-01
1.826987307949231865e-01
1.840347361389445546e-01
1.853707414829659228e-01
1.867067468269873187e-01
1.870407481629926538e-01
1.877087508350033518e-01
1.890447561790247200e-01
1.897127588510354179e-01
1.907147628590514232e-01
1.920507682030728192e-01
1.927187708750834894e-01
1.933867735470941873e-01
1.940547762191048853e-01
1.963927855711422865e-01
1.977287909151636547e-01
1.983967935871743526e-01
1.997327989311957208e-01
2.004008016032064188e-01
2.010688042752170890e-01
2.014028056112224518e-01
2.020708082832331220e-01
2.030728122912491551e-01
2.040748162992651882e-01
2.047428189712758861e-01
2.054108216432865841e-01
2.064128256513026172e-01
2.074148296593186502e-01
2.080828323313293204e-01
2.087508350033400184e-01
2.097528390113560515e-01
2.104208416833667217e-01
2.110888443553774196e-01
2.127588510354041507e-01
2.137608550434201837e-01
2.147628590514362168e-01
2.154308617234468870e-01
2.167668670674682829e-01
2.174348697394789531e-01
2.177688710754842882e-01
2.187708750835003213e-01
2.194388777555110193e-01
2.201068804275217172e-01
2.221108884435537834e-01
2.224448897795591185e-01
2.231128924515698164e-01
2.241148964595858495e-01
2.254509018036072177e-01
2.264529058116232507e-01
2.271209084836339209e-01
2.274549098196392838e-01
2.281229124916499540e-01
2.287909151636606520e-01
2.301269205076820201e-01
2.304609218436873830e-01
2.311289245156980532e-01
2.314629258517034160e-01
2.321309285237140863e-01
2.324649298597194491e-01
2.331329325317301193e-01
2.341349365397461524e-01
2.348029392117568503e-01
2.368069472277889165e-01
2.371409485637942516e-01
2.381429525718102846e-01
2.384769539078156197e-01
2.398129592518370157e-01
2.404809619238476859e-01
2.418169672678690818e-01
2.424849699398797520e-01
2.431529726118904500e-01
2.441549766199064830e-01
2.451569806279225161e-01
2.458249832999331863e-01
2.474949899799599173e-01
2.484969939879759504e-01
2.488309953239812855e-01
2.515030060120240218e-01
2.531730126920507806e-01
2.545090180360721210e-01
2.548430193720774839e-01
2.555110220440881541e-01
2.565130260521041872e-01
2.571810287241149129e-01
2.575150300601202202e-01
2.581830327321309460e-01
2.591850367401469790e-01
2.598530394121576492e-01
2.608550434201736823e-01
2.618570474281897154e-01
2.621910487641950782e-01
2.628590514362057484e-01
2.631930527722111113e-01
2.641950567802271443e-01
2.648630594522378146e-01
2.658650634602538476e-01
2.665330661322645178e-01
2.675350701402805509e-01
2.688710754843019468e-01
2.698730794923179799e-01
2.702070808283232872e-01
2.722110888443553534e-01
2.765531062124248485e-01
2.772211088844355187e-01
2.778891115564462444e-01
2.785571142284569146e-01
2.798931195724783105e-01
2.805611222444889807e-01
2.815631262525050138e-01
2.828991315965264097e-01
2.852371409485637832e-01
2.862391449565798163e-01
2.865731462925851791e-01
2.872411489645958493e-01
2.885771543086172453e-01
2.892451569806279155e-01
2.895791583166332783e-01
2.905811623246493114e-01
2.912491649966599816e-01
2.919171676686706518e-01
2.925851703406813775e-01
2.935871743486974106e-01
2.949231796927187510e-01
2.959251837007347841e-01
2.965931863727455098e-01
2.985971943887775759e-01
2.992651970607882461e-01
3.002672010688042792e-01
3.009352037408149494e-01
3.019372077488309825e-01
3.029392117568470155e-01
3.032732130928523784e-01
3.042752171008684114e-01
3.069472277889111478e-01
3.076152304609218180e-01
3.092852371409485768e-01
3.106212424849699172e-01
3.109552438209752800e-01
3.119572478289913131e-01
3.159652638610554454e-01
3.166332665330661156e-01
3.176352705410821486e-01
3.183032732130928744e-01
3.196392785571142148e-01
3.203072812291249405e-01
3.209752839011356107e-01
3.216432865731462809e-01
3.226452905811623140e-01
3.233132932531730397e-01
3.253173012692050503e-01
3.266533066132264462e-01
3.279893119572478422e-01
3.286573146292585124e-01
3.289913159652638752e-01
3.309953239812959414e-01
3.323313293253172818e-01
3.329993319973280075e-01
3.340013360053440405e-01
3.356713426853707438e-01
3.363393453573814140e-01
3.373413493653974471e-01
3.383433533734134802e-01
3.393453573814295132e-01
3.410153640614562720e-01
3.436873747494990083e-01
3.443553774215096785e-01
3.450233800935203488e-01
3.463593854375417447e-01
3.476953907815631406e-01
3.486973947895791737e-01
3.500334001336005141e-01
3.513694054776219100e-01
3.520374081496325802e-01
3.527054108216433059e-01
3.537074148296593390e-01
3.543754175016700092e-01
3.550434201736806794e-01
3.600534402137608447e-01
3.610554442217768778e-01
3.617234468937875480e-01
3.627254509018035811e-01
3.640614562458249770e-01
3.650634602538410101e-01
3.657314629258516803e-01
3.663994655978624060e-01
3.674014696058784391e-01
3.680694722778891093e-01
3.687374749498997795e-01
3.694054776219105052e-01
3.700734802939211754e-01
3.720774883099532415e-01
3.730794923179692746e-01
3.737474949899799448e-01
3.747494989979959779e-01
3.754175016700067036e-01
3.760855043420173738e-01
3.767535070140280440e-01
3.784235136940548028e-01
3.790915163660654730e-01
3.824315297261188795e-01
3.837675350701402754e-01
3.857715430861723416e-01
3.867735470941883746e-01
3.877755511022044077e-01
3.891115564462258036e-01
3.897795591182364738e-01
3.904475617902471440e-01
3.907815631262525069e-01
3.921175684702739028e-01
3.931195724782899359e-01
3.941215764863059690e-01
3.947895791583166392e-01
3.957915831663326722e-01
3.964595858383433424e-01
3.967935871743487053e-01
3.974615898463593755e-01
3.981295925183701012e-01
3.987975951903807714e-01
3.991315965263860788e-01
4.018036072144288706e-01
4.021376085504341780e-01
4.028056112224449037e-01
4.038076152304609368e-01
4.044756179024716070e-01
4.051436205744822772e-01
4.058116232464930029e-01
4.064796259185036731e-01
4.071476285905143433e-01
4.081496325985303764e-01
4.084836339345357392e-01
4.094856379425517723e-01
4.108216432865731682e-01
4.114896459585838384e-01
4.121576486305945086e-01
4.124916499665998715e-01
4.131596526386105417e-01
4.151636606546426078e-01
4.158316633266533335e-01
4.171676686706746739e-01
4.185036740146960699e-01
4.211756847027388062e-01
4.218436873747494764e-01
4.238476953907815425e-01
4.245156980627922683e-01
4.261857047428189715e-01
4.281897127588510377e-01
4.288577154308617079e-01
4.301937207748831038e-01
4.308617234468937740e-01
4.325317301269205328e-01
4.338677354709418732e-01
4.342017368069472361e-01
4.348697394789579063e-01
4.355377421509685765e-01
4.362057448229793022e-01
4.398797595190380716e-01
4.405477621910487418e-01
4.408817635270541047e-01
4.415497661990647749e-01
4.418837675350701377e-01
4.425517702070808079e-01
4.445557782231128741e-01
4.452237808951235998e-01
4.455577822311289071e-01
4.468937875751503030e-01
4.478957915831663361e-01
4.485637942551770063e-01
4.495657982631930394e-01
4.502338009352037651e-01
4.509018036072144353e-01
4.522378089512358312e-01
4.535738142952571716e-01
4.545758183032732047e-01
4.552438209752838749e-01
4.559118236472946006e-01
4.569138276553106337e-01
4.575818303273213039e-01
4.589178356713426998e-01
4.602538410153640402e-01
4.605878423513694031e-01
4.619238476953907990e-01
4.639278557114228652e-01
4.645958583834335354e-01
4.649298597194388982e-01
4.655978623914495684e-01
4.676018704074816346e-01
4.686038744154976676e-01
4.696058784235137007e-01
4.702738810955243709e-01
4.706078824315297338e-01
4.716098864395457668e-01
4.722778891115564370e-01
4.729458917835671072e-01
4.736138944555778330e-01
4.742818971275885032e-01
4.772879091516366024e-01
4.779559118236472726e-01
4.786239144956579983e-01
4.792919171676686685e-01
4.812959251837007346e-01
4.819639278557114048e-01
4.822979291917167677e-01
4.829659318637274379e-01
4.843019372077488338e-01
4.849699398797595040e-01
4.856379425517702297e-01
4.863059452237808999e-01
4.869739478957915702e-01
4.876419505678022959e-01
4.883099532398129661e-01
4.889779559118236363e-01
4.919839679358717355e-01
4.926519706078824057e-01
4.929859719438877685e-01
4.939879759519038016e-01
4.946559786239144718e-01
4.973279893119572637e-01
4.979959919839679339e-01
4.993319973279893298e-01
5.000000000000000000e-01
5.013360053440213404e-01
5.020040080160320661e-01
5.030060120240480437e-01
5.036740146960587694e-01
5.056780227120908355e-01
5.063460253841015613e-01
5.076820307281229017e-01
5.083500334001336274e-01
5.103540414161656935e-01
5.113560454241816711e-01
5.123580494321977596e-01
5.130260521042083743e-01
5.150300601202404405e-01
5.156980627922511662e-01
5.220440881763527274e-01
5.233800935203740679e-01
5.260521042084168597e-01
5.267201068804274744e-01
5.303941215764863548e-01
5.310621242484969695e-01
5.320641282565130581e-01
5.340681362725451242e-01
5.384101536406145083e-01
5.397461589846359598e-01
5.404141616566465744e-01
5.410821643286573002e-01
5.424181696726786406e-01
5.430861723446893663e-01
5.440881763527054549e-01
5.447561790247160696e-01
5.450901803607214324e-01
5.457581830327321581e-01
5.511022044088176308e-01
5.517702070808283565e-01
5.541082164328657855e-01
5.547762191048764002e-01
5.597862391449566211e-01
5.604542418169672358e-01
5.644622578490313680e-01
5.651302605210420937e-01
5.657982631930528195e-01
5.664662658650634341e-01
5.688042752171008631e-01
5.694722778891115889e-01
5.704742818971275664e-01
5.711422845691382921e-01
5.714762859051436550e-01
5.721442885771542697e-01
5.738142952571810840e-01
5.748162992651970615e-01
5.774883099532398534e-01
5.788243152972611938e-01
5.791583166332665567e-01
5.798263193052771713e-01
5.808283233132932599e-01
5.814963259853039856e-01
5.824983299933199632e-01
5.831663326653306889e-01
5.861723446893787326e-01
5.868403473613894583e-01
5.895123580494322502e-01
5.908483633934535906e-01
5.911823647294589534e-01
5.918503674014695681e-01
5.968603874415497890e-01
5.978623914495657665e-01
5.985303941215764922e-01
5.991983967935872180e-01
6.002004008016031955e-01
6.068804275217101196e-01
6.075484301937207343e-01
6.102204408817635262e-01
6.108884435537742519e-01
6.112224448897795037e-01
6.118904475617902294e-01
6.229124916499666487e-01
6.235804943219772634e-01
6.272545090180360328e-01
6.279225116900467585e-01
6.282565130260521213e-01
6.289245156980628471e-01
6.332665330661322312e-01
6.339345357381429569e-01
6.406145624582498810e-01
6.412825651302604957e-01
6.432865731462925618e-01
6.439545758183032875e-01
6.449565798263192651e-01
6.456245824983299908e-01
6.479625918503674198e-01
6.486305945223780345e-01
6.533066132264528925e-01
6.539746158984636182e-01
6.569806279225116619e-01
6.576486305945223876e-01
6.599866399465598166e-01
6.606546426185704313e-01
6.656646626586506521e-01
6.670006680026719925e-01
6.703406813627253991e-01
6.710086840347361248e-01
6.713426853707414876e-01
6.726786907147628281e-01
6.793587174348697522e-01
6.800267201068804779e-01
6.847027388109552248e-01
6.853707414829659506e-01
6.980627922511689620e-01
6.987307949231796877e-01
7.010688042752171167e-01
7.017368069472278425e-01
7.024048096192384572e-01
7.034068136272545457e-01
7.100868403473613588e-01
7.107548430193720845e-01
7.134268537074148764e-01
7.140948563794254911e-01
7.154308617234469425e-01
7.181028724114896233e-01
7.191048764195057119e-01
7.197728790915163266e-01
7.277889111556445911e-01
7.284569138276553169e-01
7.338009352037407895e-01
7.344689378757515152e-01
7.394789579158316251e-01
7.401469605878423508e-01
7.444889779559118459e-01
7.451569806279224606e-01
7.484969939879759782e-01
7.491649966599865929e-01
7.548430193720775394e-01
7.555110220440881541e-01
7.558450233800935170e-01
7.571810287241148574e-01
7.625250501002004411e-01
7.631930527722110558e-01
7.635270541082164186e-01
7.641950567802271443e-01
7.651970607882431219e-01
7.658650634602538476e-01
7.738810955243821121e-01
7.745490981963928379e-01
7.992651970607882461e-01
8.002672010688042237e-01
8.052772211088844445e-01
8.059452237808951702e-01
8.156312625250501380e-01
8.162992651970607527e-01
8.333333333333333703e-01
8.340013360053439850e-01
8.353373413493654365e-01
8.360053440213760512e-01
8.587174348697395043e-01
8.593854375417501190e-01
8.650634602538410656e-01
8.657314629258516803e-01
8.837675350701402754e-01
8.844355377421510012e-01
9.218436873747495319e-01
9.225116900467601466e-01
9.989979959919840224e-01
9.989979959919840224e-01
9.993319973279892743e-01
9.993319973279892743e-01
9.996659986639946371e-01
9.996659986639946371e-01
1.000000000000000000e+00
1.000000000000000000e+00
1.000000000000000000e+00
1.000000000000000000e+00
1.000000000000000000e+00
1.000000000000000000e+00
1.000000000000000000e+00
1.000000000000000000e+00
